1.000000000000000000e+00 1.005597771048327926e+00
3.000000000000000000e+00 8.618517959020025598e-01
5.000000000000000000e+00 3.495176031854674847e-01
7.000000000000000000e+00 7.666614321137321664e-02
9.000000000000000000e+00 1.092549389003713393e-02
1.100000000000000000e+01 1.130561206107046123e-03
1.300000000000000000e+01 8.425445519357893924e-05
1.500000000000000000e+01 4.504304256377637351e-06
1.700000000000000000e+01 1.910366439699779091e-09
1.900000000000000000e+01 2.026733204369789511e-07
2.100000000000000000e+01 1.894208738555187898e-07
2.300000000000000000e+01 2.368697547999580428e-08
2.500000000000000000e+01 1.163872386876875094e-08
2.700000000000000000e+01 5.050789347278891652e-09
2.900000000000000000e+01 7.311542281464193835e-10
3.100000000000000000e+01 1.374468210473164576e-10
3.300000000000000000e+01 4.156038127631004507e-11
3.500000000000000000e+01 1.116164485486200251e-11
3.700000000000000000e+01 4.399735752061991592e-12
3.900000000000000000e+01 3.760489563886711463e-13
