1.000000000000000000e+00 6.110787840028731877e-01
3.000000000000000000e+00 4.975185289598340610e-01
5.000000000000000000e+00 4.404044273422969002e-01
7.000000000000000000e+00 2.778724377135801671e-01
9.000000000000000000e+00 7.639278756942839699e-02
1.100000000000000000e+01 2.683041747914056696e-01
1.300000000000000000e+01 2.293916929872063526e-01
1.500000000000000000e+01 1.664535384315498634e-01
1.700000000000000000e+01 3.037833346355321984e-01
1.900000000000000000e+01 1.181668862182830987e-01
2.100000000000000000e+01 1.357984778406398085e-01
2.300000000000000000e+01 1.956800126224418346e-01
2.500000000000000000e+01 1.506156925549693160e-01
2.700000000000000000e+01 9.097141505020915619e-02
2.900000000000000000e+01 7.608254128084615542e-02
3.100000000000000000e+01 8.008608971031151713e-02
3.300000000000000000e+01 1.334873435502031136e-01
3.500000000000000000e+01 8.198575422883608299e-02
3.700000000000000000e+01 7.993059582981215661e-02
3.900000000000000000e+01 5.016144482024070816e-02
