1.000000000000000000e+00 1.236130351209131950e+00
3.000000000000000000e+00 9.340731397570746219e-01
5.000000000000000000e+00 8.305043365232759323e-01
7.000000000000000000e+00 2.219610138181560832e-01
9.000000000000000000e+00 2.766661414491887114e-02
1.100000000000000000e+01 1.040399066699096778e-03
1.300000000000000000e+01 1.853702231846498204e-04
1.500000000000000000e+01 4.373640798231185272e-07
1.700000000000000000e+01 2.814400406074106588e-07
1.900000000000000000e+01 1.010584968846662168e-06
2.100000000000000000e+01 7.431549783178391469e-07
2.300000000000000000e+01 4.400800969426553286e-07
2.500000000000000000e+01 4.612374915193357759e-07
2.700000000000000000e+01 8.016737767862937405e-07
2.900000000000000000e+01 7.638449640766647901e-08
3.100000000000000000e+01 2.103263379555542841e-07
3.300000000000000000e+01 2.732315231924090773e-07
3.500000000000000000e+01 2.366931660053365848e-06
3.700000000000000000e+01 2.094138062274234323e-07
3.900000000000000000e+01 1.341312461247146339e-07
