1.000000000000000000e+00 8.127140154311858211e-01
3.000000000000000000e+00 1.460564886306527435e-02
5.000000000000000000e+00 2.890076191612570965e-03
7.000000000000000000e+00 9.708112963734974931e-04
9.000000000000000000e+00 2.157087012395860945e-04
1.100000000000000000e+01 4.252702626972360743e-05
1.300000000000000000e+01 4.041721231601502561e-05
1.500000000000000000e+01 3.942193032941417421e-05
1.700000000000000000e+01 7.063008825019655512e-06
1.900000000000000000e+01 7.604819217448172919e-06
2.100000000000000000e+01 7.107901430340736427e-06
2.300000000000000000e+01 6.974384519036769642e-06
2.500000000000000000e+01 6.743474343317177096e-06
2.700000000000000000e+01 7.163435039101424192e-06
2.900000000000000000e+01 6.948292058365888399e-06
3.100000000000000000e+01 6.692149259026187631e-06
3.300000000000000000e+01 6.664096460188138446e-06
3.500000000000000000e+01 6.656568411801740198e-06
3.700000000000000000e+01 6.649085497690796676e-06
3.900000000000000000e+01 6.643987222475622406e-06
