1.000000000000000000e+00 3.646012051789099817e-01
6.000000000000000000e+00 3.646012051789083719e-01
1.100000000000000000e+01 3.646012051774186191e-01
1.600000000000000000e+01 3.646012046367943515e-01
2.100000000000000000e+01 3.646011824626324560e-01
2.600000000000000000e+01 3.645996638615212060e-01
3.100000000000000000e+01 3.645915997584318613e-01
3.600000000000000000e+01 3.628584410461024867e-01
4.100000000000000000e+01 3.644802174157041885e-01
4.600000000000000000e+01 3.582178786263217063e-01
5.100000000000000000e+01 3.581470609370426272e-01
5.600000000000000000e+01 3.459035833245679981e-01
6.100000000000000000e+01 3.327343887180260751e-01
6.600000000000000000e+01 3.431735912051619986e-01
7.100000000000000000e+01 2.845359001901862084e-01
7.600000000000000000e+01 2.728473340917757506e-01
8.100000000000000000e+01 2.914230851057351690e-01
