1.000000000000000000e+00 1.577754876365871750e+00
3.000000000000000000e+00 7.979635353408958132e-01
5.000000000000000000e+00 6.555677406215090763e-02
7.000000000000000000e+00 2.100624406846735362e-02
9.000000000000000000e+00 3.255573116391569880e-03
1.100000000000000000e+01 3.300588500686478413e-04
1.300000000000000000e+01 1.157856660947031746e-05
1.500000000000000000e+01 7.449590538483364418e-06
1.700000000000000000e+01 7.354197364650990563e-06
1.900000000000000000e+01 7.361352413612706797e-06
2.100000000000000000e+01 7.388667304645839819e-06
2.300000000000000000e+01 7.402124537839150669e-06
2.500000000000000000e+01 7.402214706577488242e-06
2.700000000000000000e+01 7.407521674646291510e-06
2.900000000000000000e+01 7.410102290717582645e-06
3.100000000000000000e+01 7.411913665331018830e-06
3.300000000000000000e+01 7.415400859139973909e-06
3.500000000000000000e+01 7.416686106138044207e-06
3.700000000000000000e+01 7.415365915241585124e-06
3.900000000000000000e+01 7.417807521223083082e-06
