1.000000000000000000e+00 9.996383354535631760e-01
3.000000000000000000e+00 9.524088680488147496e-01
5.000000000000000000e+00 9.352909196043068807e-01
7.000000000000000000e+00 8.849337873555080947e-01
9.000000000000000000e+00 7.292053982056725392e-01
1.100000000000000000e+01 6.088738769110552118e-01
1.300000000000000000e+01 6.028898421499778726e-01
1.500000000000000000e+01 4.846711180683602738e-01
1.700000000000000000e+01 5.101299396311285150e-01
1.900000000000000000e+01 2.231230912796224319e-01
2.100000000000000000e+01 2.060520714570887035e-01
2.300000000000000000e+01 1.300156329319862580e-01
2.500000000000000000e+01 1.422469364015669646e-01
2.700000000000000000e+01 5.258806945634043190e-02
2.900000000000000000e+01 1.746246348932866121e-01
3.100000000000000000e+01 6.352682890077565592e-02
3.300000000000000000e+01 2.174371264640583695e-02
3.500000000000000000e+01 1.853469752454860869e-02
3.700000000000000000e+01 3.337606932223242256e-02
3.900000000000000000e+01 4.082945589031534983e-02
