1.000000000000000000e+00 3.646012051789100927e-01
6.000000000000000000e+00 3.646012051789099817e-01
1.100000000000000000e+01 3.646012051789098707e-01
1.600000000000000000e+01 3.646012051789101482e-01
2.100000000000000000e+01 3.646012051788901642e-01
2.600000000000000000e+01 3.646012051789288000e-01
3.100000000000000000e+01 3.646012051786888253e-01
3.600000000000000000e+01 3.646012051786778896e-01
4.100000000000000000e+01 3.646012051788213304e-01
4.600000000000000000e+01 3.646012051786212682e-01
5.100000000000000000e+01 3.646012051786645669e-01
5.600000000000000000e+01 3.646012051786314268e-01
6.100000000000000000e+01 3.646012051788741770e-01
6.600000000000000000e+01 3.646012051785610386e-01
7.100000000000000000e+01 3.646012051785165742e-01
7.600000000000000000e+01 3.646012051783765195e-01
8.100000000000000000e+01 3.646012051784258134e-01
