1.000000000000000000e+00 3.646012051789099817e-01
6.000000000000000000e+00 3.646012051789100372e-01
1.100000000000000000e+01 3.646012051789099262e-01
1.600000000000000000e+01 3.646012051788750652e-01
2.100000000000000000e+01 3.646012051770631812e-01
2.600000000000000000e+01 3.646012051243739949e-01
3.100000000000000000e+01 3.646012048136246797e-01
3.600000000000000000e+01 3.646012045992292339e-01
4.100000000000000000e+01 3.646012049067805516e-01
4.600000000000000000e+01 3.646012000814430332e-01
5.100000000000000000e+01 3.646012039434973206e-01
5.600000000000000000e+01 3.646012054530705093e-01
6.100000000000000000e+01 3.646012039088484813e-01
6.600000000000000000e+01 3.646012025759094444e-01
7.100000000000000000e+01 3.646011997891365763e-01
7.600000000000000000e+01 3.646012001305922179e-01
8.100000000000000000e+01 3.646011970841974703e-01
