1.000000000000000000e+00 1.005598049968783325e+00
3.000000000000000000e+00 8.620239362996591215e-01
5.000000000000000000e+00 3.671378225301790699e-01
7.000000000000000000e+00 1.020293997260403318e-01
9.000000000000000000e+00 9.573364956798370573e-02
1.100000000000000000e+01 1.919965844061834528e-02
1.300000000000000000e+01 1.631255382810175084e-02
1.500000000000000000e+01 2.664167683067882042e-03
1.700000000000000000e+01 2.039215559891748453e-03
1.900000000000000000e+01 1.542068641295107467e-03
2.100000000000000000e+01 1.996017654660999722e-04
2.300000000000000000e+01 1.302438474833936494e-04
2.500000000000000000e+01 8.408470034858276016e-05
2.700000000000000000e+01 9.469012209062408565e-06
2.900000000000000000e+01 4.217690093202196754e-06
3.100000000000000000e+01 1.574530510677944897e-06
3.300000000000000000e+01 1.910403008745518881e-09
3.500000000000000000e+01 1.894371660605121901e-07
3.700000000000000000e+01 2.113963045723119061e-07
3.900000000000000000e+01 2.095427191312552449e-07
