1.000000000000000000e+00 3.646012051789099817e-01
6.000000000000000000e+00 3.646012051789099262e-01
1.100000000000000000e+01 3.646012051789100927e-01
1.600000000000000000e+01 3.646012051785005315e-01
2.100000000000000000e+01 3.646012050401979399e-01
2.600000000000000000e+01 3.646011994483381313e-01
3.100000000000000000e+01 3.646011887763532799e-01
3.600000000000000000e+01 3.646011805313720266e-01
4.100000000000000000e+01 3.646011674097243138e-01
4.600000000000000000e+01 3.646011236169440228e-01
5.100000000000000000e+01 3.645990828943445061e-01
5.600000000000000000e+01 3.646008703136101592e-01
6.100000000000000000e+01 3.645993405271914511e-01
6.600000000000000000e+01 3.646007377125711213e-01
7.100000000000000000e+01 3.645979938145206822e-01
7.600000000000000000e+01 3.645979615768806248e-01
8.100000000000000000e+01 3.645964157273108852e-01
