1.000000000000000000e+00 3.646012051789100372e-01
6.000000000000000000e+00 3.646012051789100372e-01
1.100000000000000000e+01 3.646012051789040975e-01
1.600000000000000000e+01 3.646012051783567021e-01
2.100000000000000000e+01 3.646012050994308362e-01
2.600000000000000000e+01 3.646011006702355450e-01
3.100000000000000000e+01 3.646011690824408902e-01
3.600000000000000000e+01 3.645906107163902621e-01
4.100000000000000000e+01 3.645954358758651814e-01
4.600000000000000000e+01 3.645857198545016109e-01
5.100000000000000000e+01 3.645913188098105495e-01
5.600000000000000000e+01 3.644807810371127887e-01
6.100000000000000000e+01 3.644246200066593722e-01
6.600000000000000000e+01 3.644296548596056562e-01
7.100000000000000000e+01 3.643724012848809091e-01
7.600000000000000000e+01 3.643495274084436741e-01
8.100000000000000000e+01 3.641870256688080065e-01
