1.000000000000000000e+00 9.954851965340903996e-01
3.000000000000000000e+00 9.774308047310118486e-01
5.000000000000000000e+00 9.415378405432893727e-01
7.000000000000000000e+00 9.324889818351027593e-01
9.000000000000000000e+00 8.725376621205358507e-01
1.100000000000000000e+01 8.786542885123183044e-01
1.300000000000000000e+01 8.788366434765678692e-01
1.500000000000000000e+01 8.771665016745050503e-01
1.700000000000000000e+01 8.004847285177625338e-01
1.900000000000000000e+01 8.762497612972246497e-01
2.100000000000000000e+01 8.003994167095719314e-01
2.300000000000000000e+01 8.771580417766524640e-01
2.500000000000000000e+01 7.999158444259735212e-01
2.700000000000000000e+01 8.777034246146036001e-01
2.900000000000000000e+01 8.774609666193801116e-01
3.100000000000000000e+01 7.998939035460910230e-01
3.300000000000000000e+01 7.227359090220236704e-01
3.500000000000000000e+01 7.998258261120950730e-01
3.700000000000000000e+01 8.779674199956646330e-01
3.900000000000000000e+01 7.225047296649820261e-01
