1.000000000000000000e+00 1.004925243977387694e+00
3.000000000000000000e+00 9.887985150246780819e-01
5.000000000000000000e+00 7.182576147305489433e-01
7.000000000000000000e+00 1.758690203044507849e-01
9.000000000000000000e+00 1.797563213268451449e-02
1.100000000000000000e+01 1.244823799710582631e-03
1.300000000000000000e+01 3.650094330415104479e-05
1.500000000000000000e+01 1.901328732469323199e-05
1.700000000000000000e+01 9.540030006349252791e-07
1.900000000000000000e+01 3.357185337930948058e-07
2.100000000000000000e+01 6.283712641474500004e-08
2.300000000000000000e+01 2.932812350297179289e-08
2.500000000000000000e+01 2.376352161178727487e-09
2.700000000000000000e+01 6.563006182902068143e-08
2.900000000000000000e+01 8.326116109823011917e-10
3.100000000000000000e+01 9.236174891042593987e-10
3.300000000000000000e+01 2.090223363190873533e-09
3.500000000000000000e+01 1.720282258673655660e-10
3.700000000000000000e+01 1.467444350213418794e-09
3.900000000000000000e+01 6.472646244198520406e-10
