1.000000000000000000e+00 1.004906638433161081e+00
3.000000000000000000e+00 8.828690257954536769e-01
5.000000000000000000e+00 7.963871997857221441e-01
7.000000000000000000e+00 1.519835637907773485e-01
9.000000000000000000e+00 5.519986844236016155e-02
1.100000000000000000e+01 4.401518491450143698e-03
1.300000000000000000e+01 5.156917676731513720e-04
1.500000000000000000e+01 5.362186383178919462e-05
1.700000000000000000e+01 4.920150144610894893e-06
1.900000000000000000e+01 1.741166245731032763e-05
2.100000000000000000e+01 2.991885628074911125e-07
2.300000000000000000e+01 6.039308509384260239e-08
2.500000000000000000e+01 2.043032631784582491e-07
2.700000000000000000e+01 2.368444530943333995e-08
2.900000000000000000e+01 4.942800419979315255e-09
3.100000000000000000e+01 2.249527509393177054e-09
3.300000000000000000e+01 1.314873610215976302e-08
3.500000000000000000e+01 8.613781993893865445e-09
3.700000000000000000e+01 2.824102782464687283e-10
3.900000000000000000e+01 2.040304560703701905e-10
