1.000000000000000000e+00 1.000000000365417918e+00
3.000000000000000000e+00 4.452780815906445255e-01
5.000000000000000000e+00 3.629871661307544906e-01
7.000000000000000000e+00 5.659480544491367615e-01
9.000000000000000000e+00 1.501011523503320844e-01
1.100000000000000000e+01 3.595460690871616904e-01
1.300000000000000000e+01 1.179025646338379696e-01
1.500000000000000000e+01 2.156106582766166846e-01
1.700000000000000000e+01 1.109444450454898368e-01
1.900000000000000000e+01 1.047363219714818605e-01
2.100000000000000000e+01 5.397486842511943494e-02
2.300000000000000000e+01 1.016855774911567950e-01
2.500000000000000000e+01 5.565293961158872260e-02
2.700000000000000000e+01 1.127163598179191928e-01
2.900000000000000000e+01 5.623972060641228843e-02
3.100000000000000000e+01 4.654847172592938356e-03
3.300000000000000000e+01 7.012842812142604243e-02
3.500000000000000000e+01 3.340731001663341942e-02
3.700000000000000000e+01 9.072403449104340240e-03
3.900000000000000000e+01 2.451164352533050789e-02
