1.000000000000000000e+00 1.006559391038158058e+00
3.000000000000000000e+00 8.531309572838776667e-01
5.000000000000000000e+00 2.606287650952718860e-01
7.000000000000000000e+00 2.498748206896273666e-02
9.000000000000000000e+00 6.943219361558390147e-05
1.100000000000000000e+01 6.420519774622073753e-05
1.300000000000000000e+01 1.297835492094278247e-06
1.500000000000000000e+01 7.260640047050459760e-08
1.700000000000000000e+01 2.299403836487238029e-09
1.900000000000000000e+01 2.172414681879485264e-10
2.100000000000000000e+01 1.582930794674003088e-11
2.300000000000000000e+01 7.381130019189019127e-12
2.500000000000000000e+01 3.438573878514812979e-12
2.700000000000000000e+01 4.260149694393477251e-12
2.900000000000000000e+01 7.156802680336387184e-12
3.100000000000000000e+01 3.765756067267670384e-12
3.300000000000000000e+01 2.587114608635646304e-11
3.500000000000000000e+01 2.688457539914897484e-12
3.700000000000000000e+01 2.724767063795611208e-11
3.900000000000000000e+01 2.765773293398806093e-11
