1.000000000000000000e+00 1.632412555141286692e+00
3.000000000000000000e+00 8.104306234269810227e-01
5.000000000000000000e+00 7.957780474213920208e-01
7.000000000000000000e+00 4.923476639215509376e-01
9.000000000000000000e+00 4.610385432164303965e-01
1.100000000000000000e+01 1.316996701540275316e-01
1.300000000000000000e+01 1.479746652211325342e-01
1.500000000000000000e+01 2.447423983302752029e-02
1.700000000000000000e+01 1.781807056103260414e-02
1.900000000000000000e+01 3.957039774111949237e-02
2.100000000000000000e+01 4.061353380024106119e-03
2.300000000000000000e+01 6.705614315526906835e-04
2.500000000000000000e+01 1.735560057084792329e-03
2.700000000000000000e+01 3.893719970658910149e-04
2.900000000000000000e+01 1.550821157264193500e-04
3.100000000000000000e+01 3.156417825422806045e-05
3.300000000000000000e+01 2.646671498834640441e-03
3.500000000000000000e+01 6.232429378214484630e-05
3.700000000000000000e+01 2.162462226398634843e-04
3.900000000000000000e+01 5.040443260061061581e-04
