1.000000000000000000e+00 1.214409001160630330e+00
3.000000000000000000e+00 8.910396809986937949e-01
5.000000000000000000e+00 4.924817606491024291e-01
7.000000000000000000e+00 5.165993414142104889e-01
9.000000000000000000e+00 6.473816749972199913e-02
1.100000000000000000e+01 1.956091002533726919e-01
1.300000000000000000e+01 7.498284795648172373e-03
1.500000000000000000e+01 3.014325850352116403e-03
1.700000000000000000e+01 2.530154439796953366e-03
1.900000000000000000e+01 8.847628729183429526e-04
2.100000000000000000e+01 9.948967135186194291e-05
2.300000000000000000e+01 8.277562200866976603e-06
2.500000000000000000e+01 1.831319465228504261e-05
2.700000000000000000e+01 6.802947718467354876e-06
2.900000000000000000e+01 2.033682933637727647e-06
3.100000000000000000e+01 4.354473018115550267e-06
3.300000000000000000e+01 2.312122906119085779e-07
3.500000000000000000e+01 5.065512698339063624e-07
3.700000000000000000e+01 8.296023975047372754e-07
3.900000000000000000e+01 1.162641981057328645e-07
