1.000000000000000000e+00 3.646012051789099817e-01
6.000000000000000000e+00 3.646012051789093711e-01
1.100000000000000000e+01 3.646012051787732022e-01
1.600000000000000000e+01 3.646012051717523184e-01
2.100000000000000000e+01 3.646012045885798636e-01
2.600000000000000000e+01 3.646010402523554572e-01
3.100000000000000000e+01 3.645981174792524149e-01
3.600000000000000000e+01 3.645848778299771720e-01
4.100000000000000000e+01 3.641321550357007331e-01
4.600000000000000000e+01 3.634519149330932564e-01
5.100000000000000000e+01 3.630538130167578759e-01
5.600000000000000000e+01 3.635460789453069386e-01
6.100000000000000000e+01 3.629947130988178117e-01
6.600000000000000000e+01 3.627976512108119223e-01
7.100000000000000000e+01 3.604918708675581285e-01
7.600000000000000000e+01 3.567895053720201437e-01
8.100000000000000000e+01 3.612708879574814125e-01
