1.000000000000000000e+00 1.264126698550066985e+00
3.000000000000000000e+00 8.154537986129984928e-01
5.000000000000000000e+00 1.355999170348620719e-01
7.000000000000000000e+00 1.139723817622170961e-02
9.000000000000000000e+00 4.581332231126451120e-04
1.100000000000000000e+01 6.416056213025313486e-05
1.300000000000000000e+01 2.282344379557449971e-05
1.500000000000000000e+01 4.730800501080595715e-06
1.700000000000000000e+01 7.844847012295717108e-07
1.900000000000000000e+01 1.346047037333932216e-07
2.100000000000000000e+01 1.070055690215801069e-07
2.300000000000000000e+01 8.664805094062199358e-08
2.500000000000000000e+01 7.940072877842594211e-08
2.700000000000000000e+01 7.486730318722065049e-08
2.900000000000000000e+01 7.266614649292257555e-08
3.100000000000000000e+01 6.986807732070368273e-08
3.300000000000000000e+01 6.824755979644232137e-08
3.500000000000000000e+01 6.803060138885089989e-08
3.700000000000000000e+01 6.619592398548249872e-08
3.900000000000000000e+01 6.512088752983805257e-08
